#start
# timestamp, 	data
1473409207.0,	8994
1473427567.0,	8995
1473445669.0,	9045
1473446875.0,	9099
1473447479.0,	9143
1473448082.0,	9286
1473448685.0,	9419
1473449288.0,	9429
1473449891.0,	9539
1473450494.0,	9681
1473451097.0,	9811
1473451701.0,	10322
1473452304.0,	10453
1473452907.0,	10569
1473454113.0,	10570
1473454716.0,	10638
1473455320.0,	10680
1473456526.0,	10710
1473457129.0,	11032
1473457732.0,	11156
1473458939.0,	11556
1473459542.0,	11586
1473460145.0,	11621
1473460748.0,	11651
1473461954.0,	11701
1473462557.0,	11731
1473463161.0,	11741
1473463764.0,	11751
1473464367.0,	11841
1473464970.0,	11951
1473466176.0,	11961
1473466779.0,	11963
1473467985.0,	11993
1473469191.0,	12023
1473469794.0,	12134
1473471604.0,	12164
1473472811.0,	12274
1473474621.0,	12304
1473477034.0,	12414
1473478242.0,	12461
1473480655.0,	12521
1473481861.0,	12532
1473482464.0,	12642
1473483067.0,	12672
1473483670.0,	12772
1473484877.0,	12872
1473486083.0,	12903
1473488495.0,	12948
1473491511.0,	12952
1473492114.0,	12954
1473493320.0,	12995
1473495132.0,	13025
1473496941.0,	13035
1473498750.0,	13045
1473501767.0,	13055
1473502370.0,	13065
1473504783.0,	13165
1473508401.0,	13195
1473510210.0,	13295
1473512020.0,	13305
1473512623.0,	13352
1473513829.0,	13395
1473515035.0,	13406
1473516242.0,	13410
1473518051.0,	13530
1473518654.0,	13571
1473519258.0,	13581
1473519861.0,	13637
1473521068.0,	13787
1473521671.0,	13821
1473522877.0,	13831
1473525290.0,	13861
1473526496.0,	13881
1473527099.0,	13882
1473527702.0,	13892
1473528305.0,	13893
1473528909.0,	13992
1473529512.0,	14032
1473530115.0,	14052
1473530719.0,	14083
1473532528.0,	14183
1473533132.0,	14204
1473536150.0,	14214
1473536753.0,	14224
1473537356.0,	14324
1473537959.0,	14335
1473539769.0,	14355
1473540373.0,	14385
1473540976.0,	14407
1473541579.0,	14437
1473542785.0,	14447
1473543388.0,	14457
1473545801.0,	14478
1473546404.0,	14634
1473548215.0,	14638
1473548818.0,	14668
1473550628.0,	14680
1473551231.0,	14690
1473553040.0,	14722
1473553643.0,	14787
1473554246.0,	14823
1473555452.0,	14865
1473556659.0,	14875
1473557865.0,	14905
1473559071.0,	14916
1473560278.0,	14921
1473562088.0,	15021
1473562691.0,	15023
1473564504.0,	15123
1473566313.0,	15131
1473566916.0,	15135
1473568122.0,	15265
1473568726.0,	15276
1473569328.0,	15286
1473570535.0,	15316
1473574757.0,	15446
1473577169.0,	15447
1473578375.0,	15457
1473579581.0,	15467
1473580184.0,	15501
1473580787.0,	15513
1473581993.0,	15524
1473582597.0,	15534
1473583803.0,	15543
1473584406.0,	15545
1473585009.0,	15555
1473585613.0,	15556
1473586216.0,	15559
1473586819.0,	15570
1473587422.0,	15605
1473589232.0,	15635
1473591644.0,	15665
1473592247.0,	15675
1473592850.0,	15685
1473594659.0,	15686
1473595262.0,	15702
1473596468.0,	15732
1473599484.0,	15742
1473601896.0,	15751
1473603104.0,	15763
1473603707.0,	15765
1473604310.0,	15774
1473606119.0,	15779
1473607326.0,	15789
1473607929.0,	15819
1473608532.0,	15823
1473609135.0,	15836
1473609738.0,	15856
1473610944.0,	15886
1473613357.0,	15986
1473614563.0,	15988
1473615166.0,	15998
1473615769.0,	16108
1473616373.0,	16112
1473617579.0,	16122
1473618785.0,	16152
1473619388.0,	16192
1473621197.0,	16222
1473621801.0,	16236
1473622405.0,	16346
1473623612.0,	16387
1473624818.0,	16397
1473625421.0,	16407
1473629645.0,	16452
1473631455.0,	16552
1473634470.0,	16640
1473636882.0,	16644
1473638088.0,	16654
1473638691.0,	16664
1473642913.0,	16666
1473643516.0,	16796
1473646532.0,	16896
1473647738.0,	16900
1473650753.0,	16930
1473651363.0,	17030
1473653175.0,	17060
1473654992.0,	17062
1473656801.0,	17199
1473657404.0,	17203
1473658007.0,	17303
1473661026.0,	17313
1473666454.0,	17323
1473667659.0,	17329
1473669469.0,	17359
1473673087.0,	17362
1473674896.0,	17365
1473676102.0,	17375
1473676705.0,	17376
1473677911.0,	17396
1473680323.0,	17398
1473681528.0,	17400
1473683338.0,	17408
1473684544.0,	17507
1473686957.0,	17611
1473688163.0,	17619
1473691781.0,	17719
1473698417.0,	17729
1473699021.0,	17739
1473699624.0,	17763
1473700831.0,	17813
1473703244.0,	17824
1473703847.0,	17854
1473706259.0,	17884
1473706863.0,	17924
1473707466.0,	18034
1473709276.0,	18046
1473711085.0,	18078
1473716513.0,	18080
1473717116.0,	18147
1473717720.0,	18177
1473718323.0,	18178
1473721338.0,	18180
1473722545.0,	18202
1473723751.0,	18213
1473724354.0,	18253
1473725560.0,	18265
1473730988.0,	18267
1473732194.0,	18367
1473732798.0,	18625
1473733401.0,	18853
1473734004.0,	18954
1473734607.0,	18964
1473735211.0,	19101
1473735814.0,	19338
1473737623.0,	19385
1473741243.0,	19415
1473746069.0,	19480
1473747879.0,	19492
1473748482.0,	19502
1473749688.0,	19552
1473750895.0,	19566
1473751498.0,	19568
1473758737.0,	19598
1473759341.0,	19608
1473759944.0,	19618
1473760547.0,	19620
1473762356.0,	19630
1473767182.0,	19730
1473768388.0,	19751
1473768991.0,	19761
1473775024.0,	19771
1473775627.0,	19783
1473778645.0,	19820
1473779248.0,	19850
1473779851.0,	19860
1473780454.0,	19870
1473781661.0,	19874
1473782868.0,	19889
1473783471.0,	19899
1473785281.0,	19909
1473786487.0,	19933
1473788298.0,	19999
1473788901.0,	20003
1473789504.0,	20154
1473790108.0,	20376
1473790711.0,	20517
1473791314.0,	20558
1473791917.0,	20569
1473792521.0,	20599
1473794331.0,	20604
1473794934.0,	20616
1473795537.0,	20646
1473796744.0,	20751
1473797950.0,	20761
1473798554.0,	20848
1473799157.0,	20861
1473799761.0,	20891
1473800364.0,	20897
1473800967.0,	20898
1473801570.0,	20908
1473802777.0,	21008
1473803380.0,	21033
1473803984.0,	21055
1473804589.0,	21155
1473805796.0,	21266
1473807003.0,	21276
1473807607.0,	21292
1473808211.0,	21302
1473808815.0,	21402
1473810022.0,	21422
1473811833.0,	21438
1473812437.0,	21490
1473813041.0,	21651
1473813644.0,	21788
1473814248.0,	21823
1473814851.0,	21865
1473815455.0,	21964
1473816058.0,	21970
1473816662.0,	22000
1473817265.0,	22119
1473817869.0,	22215
1473819075.0,	22226
1473819679.0,	22252
1473820885.0,	22267
1473822092.0,	22278
1473822695.0,	22290
1473823299.0,	22319
1473823902.0,	22331
1473825108.0,	22333
1473826316.0,	22403
1473826920.0,	22503
1473828127.0,	22605
1473829334.0,	22635
1473829937.0,	22647
1473830541.0,	22658
1473831144.0,	22669
1473832350.0,	22670
1473832954.0,	22681
1473833557.0,	22701
1473834763.0,	22741
1473835366.0,	22771
1473835969.0,	22772
1473838382.0,	22782
1473840798.0,	22848
1473842624.0,	22856
1473845654.0,	22869
1473846258.0,	22879
1473846862.0,	22909
1473848068.0,	23050
1473848671.0,	23075
1473849274.0,	23090
1473851687.0,	23100
1473852893.0,	23110
1473853497.0,	23214
1473854703.0,	23245
1473855910.0,	23255
1473856514.0,	23291
1473857117.0,	23393
1473858324.0,	23504
1473859531.0,	23507
1473861340.0,	23537
1473861949.0,	23543
1473862552.0,	23570
1473864967.0,	23670
1473865570.0,	23681
1473866173.0,	23711
1473866777.0,	23842
1473868587.0,	23872
1473869794.0,	23972
1473871604.0,	23982
1473878843.0,	24004
1473879446.0,	24014
1473880049.0,	24024
1473880652.0,	24124
1473881256.0,	24136
1473882462.0,	24176
1473883065.0,	24187
1473883668.0,	24197
1473885478.0,	24207
1473886684.0,	24227
1473887891.0,	24337
1473888494.0,	24357
1473889097.0,	24457
1473890303.0,	24497
1473890906.0,	24632
1473891510.0,	24742
1473892113.0,	24794
1473892716.0,	24924
1473893319.0,	25088
1473893922.0,	25098
1473894526.0,	25108
1473895732.0,	25117
1473897542.0,	25129
1473899959.0,	25140
1473900562.0,	25141
1473902372.0,	25151
1473902975.0,	25251
1473903579.0,	25281
1473904787.0,	25381
1473905994.0,	25391
1473906597.0,	25493
1473907804.0,	25503
1473910822.0,	25593
1473915658.0,	25603
1473918071.0,	25613
1473920484.0,	25640
1473921090.0,	25742
1473926517.0,	25752
1473927120.0,	25852
1473930135.0,	25862
1473931343.0,	25863
1473931946.0,	25893
1473932549.0,	25904
1473933152.0,	25914
1473935564.0,	25925
1473936167.0,	25955
1473938579.0,	25985
1473940992.0,	26005
1473941594.0,	26021
1473942198.0,	26025
1473942801.0,	26026
1473945816.0,	26028
1473947022.0,	26058
1473947625.0,	26088
1473948228.0,	26120
1473950681.0,	26160
1473951284.0,	26250
1473953093.0,	26254
1473953697.0,	26314
1473954300.0,	26349
1473954903.0,	26369
1473955506.0,	26381
1473956109.0,	26412
1473957919.0,	26420
1473958523.0,	26429
1473959126.0,	26431
1473960332.0,	26447
1473960935.0,	26461
1473961539.0,	26484
1473962142.0,	26594
1473962746.0,	26735
1473963349.0,	26775
1473963952.0,	26880
1473964555.0,	26891
1473966365.0,	26931
1473966968.0,	27047
1473967571.0,	27048
1473968778.0,	27093
1473969381.0,	27097
1473969985.0,	27107
1473970588.0,	27152
1473971192.0,	27360
1473971796.0,	27365
1473972399.0,	27576
1473973028.0,	27595
1473973631.0,	27615
1473974235.0,	27660
1473974838.0,	27702
1473975442.0,	27802
1473976045.0,	27844
1473977253.0,	27884
1473977857.0,	27926
1473978460.0,	28026
1473979064.0,	28137
1473979667.0,	28147
1473980271.0,	28263
1473980875.0,	28388
1473983289.0,	28398
1473984499.0,	28400
1473985103.0,	28424
1473985707.0,	28525
1473986311.0,	28535
1473986915.0,	28648
1473987519.0,	28748
1473989329.0,	28767
1473989933.0,	28783
1473990536.0,	28815
1473991744.0,	28826
1473994161.0,	29000
1473994765.0,	29004
1473995369.0,	29020
1473997182.0,	29030
1473997786.0,	29040
1474000225.0,	29070
1474001432.0,	29107
1474004448.0,	29117
1474005051.0,	29127
1474006860.0,	29137
1474008067.0,	29347
1474008670.0,	29377
1474009273.0,	29381
1474009921.0,	29392
1474011127.0,	29402
1474014142.0,	29404
1474014745.0,	29414
1474015348.0,	29455
1474017157.0,	29485
1474017760.0,	29515
1474018966.0,	29601
1474019569.0,	29612
1474020172.0,	29742
1474024393.0,	29752
1474026202.0,	29755
1474027408.0,	29785
1474028011.0,	29792
1474028614.0,	29802
1474029217.0,	29942
1474030423.0,	29967
1474031027.0,	29980
1474031629.0,	30035
1474033438.0,	30055
1474034042.0,	30155
1474034645.0,	30275
1474035248.0,	30505
1474035851.0,	30627
1474036454.0,	30667
1474037058.0,	30683
1474037662.0,	30713
1474038265.0,	30813
1474038868.0,	30924
1474039471.0,	30936
1474040074.0,	31098
1474040677.0,	31214
1474041281.0,	31302
1474041886.0,	31548
1474042489.0,	32137
1474043092.0,	33924
1474043695.0,	37181
1474044298.0,	39408
1474044901.0,	41243
1474045504.0,	42895
1474046107.0,	46333
1474046711.0,	46923
1474047314.0,	47874
1474047918.0,	49276
1474048521.0,	50564
1474049126.0,	51233
1474049730.0,	51643
1474050333.0,	51834
1474050937.0,	52336
1474051540.0,	52928
1474052144.0,	53108
1474052747.0,	53525
1474053351.0,	53639
1474053954.0,	53981
1474054557.0,	54284
1474055161.0,	54522
1474055764.0,	54850
1474056368.0,	54955
1474056971.0,	55005
1474057575.0,	55145
1474058178.0,	55959
1474058782.0,	56276
1474059385.0,	56626
1474059650.0,	56636
1474059768.0,	56686
1474059982.0,	56858
1474060142.0,	56888
1474060195.0,	56903
1474060249.0,	57013
1474060302.0,	57043
1474060569.0,	57183
1474060675.0,	57213
1474060729.0,	57308
1474060782.0,	57549
1474060889.0,	57684
1474060943.0,	58264
1474060996.0,	58288
1474061049.0,	58393
1474061103.0,	58406
1474061157.0,	58470
1474061210.0,	58511
1474061263.0,	58541
1474061370.0,	58969
1474061423.0,	59089
1474061530.0,	59339
1474061638.0,	59382
1474061691.0,	59392
1474061744.0,	59402
1474061851.0,	59432
1474061905.0,	59492
1474061959.0,	59522
1474062013.0,	60122
1474062066.0,	60140
1474062174.0,	60170
1474062227.0,	60340
1474062281.0,	60440
1474062443.0,	60472
1474062496.0,	60502
1474062603.0,	60702
1474062709.0,	61202
1474062764.0,	61252
1474062870.0,	61422
1474063191.0,	61552
1474063351.0,	61652
1474063404.0,	61702
1474063511.0,	61762
1474063565.0,	61813
1474063886.0,	61848
1474063939.0,	61864
1474063992.0,	61894
1474064045.0,	61934
1474064099.0,	61956
1474064152.0,	61978
1474064205.0,	62008
1474064312.0,	62018
1474064365.0,	62048
1474064419.0,	62060
1474064579.0,	62070
1474064685.0,	62080
1474064952.0,	62090
1474065006.0,	62260
1474065059.0,	62360
1474065166.0,	62410
1474065274.0,	62440
1474065327.0,	62450
1474065434.0,	62550
1474065541.0,	62552
1474065595.0,	62582
1474065649.0,	62612
1474065863.0,	62642
1474065917.0,	62759
1474065972.0,	62761
1474066026.0,	62821
1474066080.0,	62921
1474066135.0,	63071
1474066189.0,	63081
1474066243.0,	63399
1474066354.0,	63481
1474066410.0,	63511
1474066465.0,	63541
1474066521.0,	63571
1474066575.0,	63744
1474066683.0,	63844
1474066740.0,	63854
1474066796.0,	63894
1474066852.0,	64011
1474066905.0,	64335
1474067016.0,	64535
1474067127.0,	64553
1474067181.0,	64594
1474067344.0,	64694
1474067399.0,	64855
1474067673.0,	64955
1474067837.0,	65065
1474067894.0,	65165
1474067949.0,	65155
1474068004.0,	65256
1474068114.0,	65266
1474068169.0,	65596
1474068223.0,	65728
1474068336.0,	65729
1474068445.0,	65961
1474068554.0,	66054
1474068608.0,	66104
1474068774.0,	66126
1474068830.0,	66146
1474068884.0,	66156
1474068992.0,	66166
1474069046.0,	66201
1474069156.0,	66341
1474069211.0,	66361
1474069265.0,	66521
1474069318.0,	67141
1474069374.0,	67371
1474069429.0,	67379
1474069484.0,	67419
1474069592.0,	67536
1474069701.0,	67666
1474069757.0,	67671
1474069812.0,	67772
1474069865.0,	67847
1474069974.0,	67879
1474070246.0,	67909
1474070469.0,	68039
1474070585.0,	68050
1474070642.0,	68126
1474070807.0,	68171
1474070917.0,	68281
1474071026.0,	68291
1474071413.0,	68301
1474071578.0,	68901
1474071797.0,	68921
1474071854.0,	68943
1474071908.0,	68953
1474071963.0,	69044
1474072341.0,	69074
1474072395.0,	69174
1474072772.0,	69177
1474072987.0,	69187
1474073041.0,	69189
1474073203.0,	69260
1474073364.0,	69360
1474073418.0,	69380
1474073528.0,	69390
1474073582.0,	69490
1474073636.0,	69540
1474073690.0,	69542
1474073904.0,	69552
1474074065.0,	69582
1474074119.0,	69592
1474074226.0,	69622
1474074387.0,	69624
1474074496.0,	69626
1474074549.0,	69727
1474074603.0,	69729
1474074657.0,	69734
1474074711.0,	69760
1474074765.0,	69774
1474074872.0,	70014
1474074925.0,	70214
1474074979.0,	70239
1474075033.0,	70245
1474075087.0,	70315
1474075194.0,	70417
1474075355.0,	70459
1474075408.0,	70540
1474075462.0,	70740
1474075516.0,	70752
1474075624.0,	70802
1474075678.0,	70812
1474075893.0,	70912
1474075947.0,	70944
1474076001.0,	71044
1474076109.0,	71111
1474076163.0,	71216
1474076216.0,	71346
1474076270.0,	71952
1474076647.0,	71959
1474076701.0,	72109
1474076755.0,	72620
1474076810.0,	72637
1474076864.0,	72681
1474076971.0,	72977
1474077026.0,	72997
1474077079.0,	73027
1474077133.0,	73047
1474077188.0,	73059
1474077295.0,	73089
1474077349.0,	73285
1474077403.0,	73315
1474077619.0,	73363
1474077673.0,	73473
1474077726.0,	73503
1474077888.0,	73505
1474078317.0,	73535
1474078371.0,	73555
1474078425.0,	73565
1474078640.0,	73605
1474078747.0,	73675
1474078907.0,	73685
1474079014.0,	73793
1474079067.0,	73803
1474079178.0,	73924
1474079231.0,	73942
1474079285.0,	73979
1474079392.0,	73983
1474079446.0,	74013
1474079715.0,	74015
1474079822.0,	74025
1474080037.0,	74055
1474080091.0,	74087
1474080467.0,	74097
1474080682.0,	74126
1474080790.0,	74136
1474080950.0,	74196
1474081057.0,	74266
1474081165.0,	74296
1474081219.0,	74298
1474081488.0,	74398
1474081920.0,	74462
1474082189.0,	74472
1474082568.0,	74488
1474082677.0,	74533
1474082731.0,	74559
1474082785.0,	74659
1474082839.0,	74689
1474082893.0,	74699
1474083001.0,	74831
1474083216.0,	74942
1474083270.0,	75043
1474083485.0,	75054
1474083538.0,	75134
1474083861.0,	75144
1474084023.0,	75170
1474084507.0,	75180
1474084775.0,	75190
1474084882.0,	75200
1474084935.0,	75222
1474086057.0,	75274
1474086751.0,	75299
1474086858.0,	75399
1474087393.0,	75409
1474087501.0,	75420
1474087607.0,	75430
1474087874.0,	75441
1474087927.0,	75455
1474088196.0,	75482
1474089480.0,	75492
1474090657.0,	75522
1474090924.0,	75532
1474091512.0,	75542
1474095312.0,	75552
1474099383.0,	75564
1474100128.0,	75575
1474101513.0,	75645
1474103375.0,	75676
1474103481.0,	75684
1474103534.0,	75714
1474103694.0,	75726
1474103748.0,	75736
1474105078.0,	75766
1474105131.0,	75776
1474105397.0,	75786
1474105504.0,	75787
1474105610.0,	75797
1474106302.0,	75817
1474107419.0,	75821
1474111572.0,	75855
1474112954.0,	75889
1474113327.0,	75891
1474113380.0,	75901
1474114444.0,	75931
1474115721.0,	75932
1474116577.0,	75944
1474116630.0,	75974
1474117268.0,	76006
1474117481.0,	76016
1474117694.0,	76116
1474118173.0,	76136
1474118918.0,	76236
1474118971.0,	76242
1474119717.0,	76252
1474120625.0,	76262
1474121212.0,	76292
1474121585.0,	76393
1474121904.0,	76403
1474122277.0,	76413
1474122437.0,	76463
1474122973.0,	76493
1474123027.0,	76505
1474123346.0,	76515
1474123400.0,	76545
1474123506.0,	76645
1474124040.0,	76675
1474126332.0,	76685
1474126599.0,	76785
1474126652.0,	76789
1474127772.0,	76889
1474128252.0,	76919
1474128308.0,	76989
1474128362.0,	76999
1474128417.0,	77032
1474128470.0,	77116
1474128580.0,	77184
1474128636.0,	77585
1474128689.0,	77620
1474128745.0,	77782
1474128800.0,	77813
1474128856.0,	77953
1474128909.0,	77998
1474129018.0,	78269
1474129073.0,	78309
1474129242.0,	78434
1474129296.0,	78506
1474129403.0,	78531
1474129459.0,	78661
1474129516.0,	78681
1474129569.0,	78883
1474129623.0,	78996
1474129678.0,	79063
1474129733.0,	79194
1474129841.0,	79205
1474129896.0,	79242
1474129950.0,	79344
1474130061.0,	79388
1474130115.0,	79398
1474130169.0,	79928
1474130278.0,	79999
1474130442.0,	80001
1474130496.0,	80110
1474130550.0,	80225
1474130661.0,	80235
1474130823.0,	80736
1474130877.0,	80766
1474130933.0,	80832
1474131040.0,	80842
1474131095.0,	80982
1474131149.0,	81054
1474131205.0,	81069
1474131478.0,	81109
1474131695.0,	81141
1474131750.0,	81197
1474131805.0,	81340
1474131861.0,	81350
1474131971.0,	81360
1474132026.0,	81390
1474132080.0,	82426
1474132135.0,	82456
1474132462.0,	82556
1474132626.0,	82591
1474132681.0,	82602
1474132736.0,	82612
1474132898.0,	82742
1474132953.0,	82754
1474133009.0,	82764
1474133062.0,	82965
1474133116.0,	82970
1474133226.0,	82985
1474133281.0,	83065
1474133334.0,	83154
1474133443.0,	83234
1474133497.0,	83244
1474133553.0,	83299
1474133608.0,	83340
1474133662.0,	83440
1474133716.0,	83642
1474133771.0,	83672
1474133825.0,	83703
1474133936.0,	83733
1474134044.0,	83834
1474134099.0,	83864
1474134263.0,	83896
1474134317.0,	83931
1474134371.0,	83941
1474134480.0,	84041
1474134643.0,	84296
1474134753.0,	84316
1474134808.0,	84318
1474134972.0,	84534
1474135026.0,	84562
1474135136.0,	84572
1474135245.0,	84704
1474135300.0,	84748
1474135466.0,	84868
1474135521.0,	84918
1474135575.0,	84948
1474135684.0,	84960
1474135741.0,	84972
1474135795.0,	85075
1474135910.0,	85085
1474136072.0,	85095
1474136130.0,	85121
1474136404.0,	85412
1474136517.0,	85442
1474136681.0,	85449
1474136735.0,	85496
1474136790.0,	85581
1474136844.0,	85619
1474136899.0,	85623
1474136954.0,	85685
1474137008.0,	85686
1474137063.0,	85699
1474137175.0,	85799
1474137284.0,	85800
1474137339.0,	85830
1474137394.0,	85843
1474137455.0,	85868
1474137563.0,	85968
1474137620.0,	86078
1474137683.0,	86088
1474137856.0,	86100
1474137965.0,	86140
1474138019.0,	86170
1474138073.0,	86171
1474138236.0,	86181
1474138291.0,	86191
1474138453.0,	86241
1474138617.0,	86261
1474138730.0,	86271
1474138785.0,	86314
1474138897.0,	86326
1474138950.0,	86336
1474139008.0,	86366
1474139061.0,	86966
1474139170.0,	86967
1474139224.0,	86969
1474139278.0,	86990
1474139332.0,	87001
1474139502.0,	87011
1474139610.0,	87071
1474139664.0,	87248
1474139719.0,	87258
1474139773.0,	87274
1474139829.0,	87449
1474139885.0,	87491
1474139938.0,	87498
1474140157.0,	87534
1474140213.0,	87544
1474140266.0,	87645
1474140320.0,	88150
1474140428.0,	88260
1474140484.0,	88330
1474140538.0,	88602
1474140702.0,	88612
1474140757.0,	88712
1474140812.0,	88722
1474140865.0,	88853
1474140920.0,	88986
1474141029.0,	89122
1474141084.0,	89132
1474141137.0,	90143
1474141246.0,	90153
1474141301.0,	90263
1474141355.0,	90489
1474141409.0,	90499
1474141519.0,	90529
1474141574.0,	91174
1474141684.0,	91300
1474141737.0,	91319
1474141846.0,	91349
1474141901.0,	91389
1474142009.0,	91399
1474142118.0,	91426
1474142225.0,	91442
1474142279.0,	91498
1474142334.0,	91606
1474142444.0,	91666
1474142498.0,	91668
1474142606.0,	91741
1474142662.0,	91771
1474142715.0,	91791
1474142769.0,	91841
1474142824.0,	91947
1474142878.0,	91977
1474142986.0,	92007
1474143041.0,	92018
1474143095.0,	92043
1474143150.0,	92058
1474143205.0,	92159
1474143314.0,	92169
1474143477.0,	92227
1474143586.0,	92247
1474143640.0,	92250
1474143694.0,	92291
1474143748.0,	92332
1474143858.0,	92619
1474143912.0,	92639
1474143967.0,	92799
1474144021.0,	92939
1474144183.0,	93114
1474144238.0,	93204
1474144291.0,	93326
1474144405.0,	93346
1474144460.0,	93356
1474144513.0,	93376
1474144568.0,	93516
1474144622.0,	93704
1474144677.0,	93736
1474144785.0,	94031
1474144839.0,	94141
1474144949.0,	94151
1474145057.0,	94281
1474145111.0,	94411
1474145325.0,	94551
1474145380.0,	94552
1474145436.0,	94556
1474145555.0,	94566
1474145609.0,	94688
1474145663.0,	94788
1474145935.0,	95450
1474146319.0,	95504
1474147024.0,	95574
1474147242.0,	95589
1474147350.0,	95721
1474147406.0,	95765
1474147461.0,	96030
1474147514.0,	96096
1474147568.0,	96266
1474147622.0,	96276
1474147677.0,	96396
1474147786.0,	96406
1474147840.0,	96548
1474147894.0,	96578
1474147948.0,	96593
1474148113.0,	96623
1474148167.0,	96625
1474148276.0,	96627
1474148386.0,	96648
1474148439.0,	96652
1474148547.0,	96653
1474148601.0,	96785
1474148711.0,	96803
1474148764.0,	96903
1474148818.0,	96933
1474148982.0,	96951
1474149091.0,	96961
1474149255.0,	97001
1474149310.0,	97011
1474149421.0,	97021
1474149474.0,	97031
1474149691.0,	97104
1474149749.0,	97109
1474150051.0,	0
1474150883.0,	97369
1474151101.0,	97384
1474151155.0,	97484
1474151209.0,	97619
1474151318.0,	97925
1474151373.0,	98010
1474151427.0,	98050
1474151481.0,	98156
1474151535.0,	98231
1474151644.0,	98261
1474151761.0,	98305
1474151817.0,	98357
1474151870.0,	98367
1474151924.0,	98482
1474151978.0,	98618
1474152032.0,	98718
1474152141.0,	98959
1474152303.0,	98969
1474152359.0,	99083
1474152414.0,	99293
1474152468.0,	99509
1474152522.0,	100520
1474152578.0,	100629
1474152631.0,	100759
1474152685.0,	100784
1474152740.0,	100884
1474152794.0,	100914
1474152905.0,	101034
1474153014.0,	101041
1474153123.0,	101051
1474153286.0,	101056
1474153505.0,	101156
1474153613.0,	101157
1474153721.0,	101259
1474153939.0,	101576
1474154047.0,	101590
1474154319.0,	101670
1474154372.0,	101718
1474154426.0,	101788
1474154535.0,	101798
1474154696.0,	102130
1474154750.0,	102224
1474154909.0,	102324
1474154962.0,	102350
1474155015.0,	102500
1474155175.0,	102530
1474155230.0,	102564
1474155336.0,	102664
1474155390.0,	102684
1474155444.0,	102812
1474155499.0,	102818
1474155606.0,	102829
1474155659.0,	102879
1474155768.0,	102889
1474155822.0,	102999
1474155874.0,	103022
1474155928.0,	103159
1474155981.0,	103269
1474156143.0,	103374
1474156357.0,	103492
1474156411.0,	103632
1474156464.0,	103680
1474156518.0,	103710
1474156731.0,	103740
1474156838.0,	103780
1474156892.0,	103790
1474157055.0,	103845
1474157163.0,	103865
1474157270.0,	104019
1474157324.0,	104029
1474157430.0,	104059
1474157484.0,	104069
1474157702.0,	104074
1474157756.0,	104174
1474157810.0,	104194
1474157919.0,	104260
1474157973.0,	104407
1474158080.0,	104414
1474158134.0,	104434
1474158241.0,	104436
1474158348.0,	104446
1474158403.0,	104546
1474158458.0,	104556
1474158512.0,	104576
1474158728.0,	104615
1474158835.0,	105615
1474158889.0,	105625
1474158942.0,	105635
1474158996.0,	105645
1474159534.0,	105755
1474159856.0,	105759
1474159909.0,	105904
1474159963.0,	106000
1474160018.0,	106100
1474160072.0,	106200
1474160126.0,	106280
1474160286.0,	106380
1474160398.0,	106428
1474160452.0,	106453
1474160505.0,	106463
1474160559.0,	106464
1474160612.0,	106469
1474160666.0,	106490
1474160720.0,	106525
1474160827.0,	106595
1474160881.0,	106654
1474161044.0,	106705
1474161152.0,	106735
1474161205.0,	106750
1474161259.0,	106796
1474161367.0,	106806
1474161421.0,	106860
1474161475.0,	106925
1474161582.0,	107035
1474161689.0,	107080
1474161796.0,	107142
1474161904.0,	107149
1474162012.0,	107332
1474162067.0,	107458
1474162123.0,	107513
1474162177.0,	107651
1474162284.0,	107661
1474162445.0,	107690
1474162499.0,	107701
1474162553.0,	107751
1474162606.0,	107962
1474162714.0,	107972
1474162879.0,	107984
1474162987.0,	108034
1474163041.0,	108064
1474163095.0,	108084
1474163204.0,	108106
1474163478.0,	108107
1474163586.0,	108117
1474163910.0,	108127
1474164021.0,	108227
1474164509.0,	108229
1474164939.0,	108264
1474164993.0,	108274
1474165100.0,	108284
1474165207.0,	108296
1474165260.0,	108306
1474165530.0,	108311
1474165800.0,	108321
1474165908.0,	108346
1474166016.0,	108396
1474166124.0,	108439
1474166178.0,	108469
1474166393.0,	108494
1474166501.0,	108511
1474166555.0,	108541
1474166610.0,	108601
1474166718.0,	108731
1474166827.0,	108917
1474166881.0,	108947
1474166934.0,	108958
1474166989.0,	108978
1474167044.0,	109149
1474167153.0,	109156
1474167207.0,	109178
1474167260.0,	109631
1474167368.0,	110481
1474167426.0,	110482
1474167480.0,	110635
1474167534.0,	110646
1474167588.0,	110688
1474167642.0,	110720
1474167696.0,	110925
1474167749.0,	110930
1474167803.0,	110946
1474167858.0,	110983
1474167965.0,	111013
1474168024.0,	111175
1474168077.0,	111245
1474168186.0,	111250
1474168239.0,	111324
1474168293.0,	111525
1474168346.0,	111584
1474168399.0,	111589
1474168506.0,	111689
1474168560.0,	111742
1474168666.0,	111902
1474168720.0,	111904
1474168774.0,	111924
1474168828.0,	112007
1474168986.0,	112024
1474169148.0,	112094
1474169256.0,	112211
1474169309.0,	112271
1474169523.0,	112281
1474169576.0,	112401
1474169630.0,	112422
1474169684.0,	112467
1474169790.0,	112494
1474169843.0,	112694
1474170003.0,	112794
1474170056.0,	112804
1474170109.0,	112834
1474170163.0,	112845
1474170217.0,	112885
1474170270.0,	112916
1474170324.0,	112947
1474170485.0,	113056
1474170538.0,	113107
1474170592.0,	113112
1474170645.0,	113122
1474170698.0,	113226
1474170751.0,	113291
1474170804.0,	113321
1474170858.0,	113488
1474170965.0,	113520
1474171071.0,	113571
1474171125.0,	114181
1474171184.0,	114199
1474171238.0,	114209
1474171292.0,	114229
1474171345.0,	114239
1474171399.0,	114252
1474171506.0,	114425
1474171559.0,	114465
1474171613.0,	114491
1474171667.0,	114500
1474171720.0,	114514
1474171773.0,	114550
1474171827.0,	114753
1474171881.0,	114763
1474171987.0,	114866
1474172040.0,	114926
1474172094.0,	114938
1474172149.0,	114984
1474172202.0,	115088
1474172256.0,	115101
1474172310.0,	115154
1474172416.0,	115264
1474172629.0,	115431
1474172682.0,	115441
1474172735.0,	115522
1474172790.0,	115532
1474173056.0,	115542
1474173319.0,	115594
1474173634.0,	115604
1474175372.0,	115634
1474175846.0,	115645
1474176267.0,	115655
1474177953.0,	115667
1474178217.0,	115697
1474178322.0,	115699
1474178849.0,	115734
1474179060.0,	115744
1474180748.0,	115754
1474180958.0,	115755
1474181287.0,	115759
1474181504.0,	115769
1474181556.0,	115869
1474182870.0,	115875
1474183396.0,	116005
1474183554.0,	116015
1474183922.0,	116017
1474184132.0,	116032
1474185079.0,	116043
1474185289.0,	116143
1474185447.0,	116153
1474186867.0,	116159
1474188444.0,	116189
1474188602.0,	116221
1474189075.0,	116231
1474189128.0,	116241
1474189496.0,	116291
1474190074.0,	116320
1474191861.0,	116340
1474192387.0,	116342
1474192913.0,	116372
1474193491.0,	116382
1474193649.0,	116392
1474195490.0,	116403
1474196278.0,	116407
1474197540.0,	116417
1474197645.0,	116517
1474198907.0,	116547
1474199119.0,	116557
1474200223.0,	116567
1474201544.0,	116577
1474204439.0,	116579
1474204650.0,	116580
1474204965.0,	116690
1474206809.0,	116700
1474207440.0,	116708
1474207493.0,	116733
1474208019.0,	116734
1474209020.0,	116746
1474210025.0,	116756
1474210448.0,	116766
1474210658.0,	116796
1474211606.0,	116806
1474211817.0,	116816
1474211975.0,	116876
1474212397.0,	116906
1474213714.0,	116936
1474214084.0,	116946
1474214505.0,	116974
1474214875.0,	117004
1474214928.0,	117014
1474215034.0,	117039
1474215192.0,	117044
1474215244.0,	117186
1474215297.0,	117196
1474215350.0,	117306
1474215402.0,	117434
1474215455.0,	117584
1474215508.0,	117644
1474215561.0,	117744
1474215720.0,	118076
1474215772.0,	118126
1474215825.0,	118176
1474215878.0,	118186
1474215931.0,	118408
1474215983.0,	118438
1474216089.0,	118443
1474216141.0,	118493
1474216194.0,	118553
1474216248.0,	118568
1474216354.0,	118728
1474216406.0,	118850
1474216516.0,	118859
1474216569.0,	118959
1474216621.0,	119069
1474216674.0,	119079
1474216780.0,	119229
1474216833.0,	119239
1474216887.0,	119319
1474216993.0,	119470
1474217052.0,	119485
1474217105.0,	119585
1474217159.0,	119621
1474217213.0,	119825
1474217268.0,	119865
1474217323.0,	120093
1474217377.0,	121093
1474217432.0,	121123
1474217486.0,	121305
1474217595.0,	121349
1474217649.0,	121359
1474217703.0,	121452
1474217756.0,	121489
1474217809.0,	121689
1474217971.0,	121724
1474218025.0,	121733
1474218187.0,	121743
1474218240.0,	121753
1474218347.0,	121763
1474218507.0,	121787
1474218615.0,	121801
1474218669.0,	121827
1474218722.0,	121837
1474218775.0,	121897
1474218828.0,	121938
1474218882.0,	121948
1474218935.0,	121959
1474218988.0,	121997
1474219095.0,	122012
1474219149.0,	122038
1474219203.0,	122063
1474219310.0,	122087
1474219363.0,	122127
1474219417.0,	122157
1474219470.0,	122186
1474219523.0,	122316
1474219630.0,	122346
1474219685.0,	122366
1474219739.0,	122677
1474219793.0,	122697
1474219846.0,	122707
1474219954.0,	122727
1474220007.0,	122767
1474220113.0,	122797
1474220168.0,	122817
1474220222.0,	122906
1474220275.0,	122916
1474220329.0,	122946
1474220490.0,	122956
1474220544.0,	122966
1474220659.0,	123086
1474220822.0,	123186
1474220877.0,	123187
1474220930.0,	123207
1474221042.0,	123217
1474221150.0,	123228
1474221314.0,	123278
1474221366.0,	123288
1474221420.0,	123338
1474221477.0,	123551
1474221639.0,	123601
1474221751.0,	123626
1474221808.0,	123756
1474221917.0,	123766
1474221971.0,	123796
1474222024.0,	123880
1474222137.0,	123928
1474222246.0,	123938
1474222301.0,	124271
1474222356.0,	124281
1474222463.0,	124322
1474222571.0,	124529
1474222624.0,	124791
1474222731.0,	124875
1474222784.0,	124885
1474222839.0,	124936
1474222893.0,	125075
1474222946.0,	125144
1474223107.0,	125184
1474223161.0,	125384
1474223215.0,	125734
1474223269.0,	125764
1474223323.0,	125768
1474223381.0,	125783
1474223434.0,	125803
1474223488.0,	125836
1474223596.0,	125866
1474223650.0,	125890
1474223704.0,	125922
1474223865.0,	125924
1474223919.0,	125947
1474223973.0,	125997
1474224027.0,	126017
1474224134.0,	126037
1474224188.0,	126104
1474224244.0,	126109
1474224297.0,	126139
1474224350.0,	126141
1474224403.0,	126172
1474224457.0,	126228
1474224510.0,	126328
1474224565.0,	126351
1474224674.0,	126447
1474224728.0,	126552
1474224782.0,	126632
1474224837.0,	126792
1474224889.0,	126796
1474224944.0,	127019
1474224997.0,	127119
1474225105.0,	127209
1474225212.0,	127265
1474225268.0,	127278
1474225326.0,	127298
1474225380.0,	127328
1474225433.0,	127383
1474225487.0,	127413
1474225542.0,	127463
1474225596.0,	127593
1474225651.0,	127600
1474225707.0,	127610
1474225815.0,	127710
1474226029.0,	127720
1474226191.0,	127760
1474226355.0,	127790
1474226408.0,	127953
1474226462.0,	128172
1474226516.0,	128272
1474226676.0,	128302
1474226891.0,	128313
1474226945.0,	128346
1474226999.0,	128356
1474227053.0,	128386
1474227112.0,	128397
1474227166.0,	128657
1474227219.0,	128757
1474227273.0,	128767
1474227328.0,	128888
1474227489.0,	128918
1474227543.0,	128940
1474227598.0,	129040
1474227705.0,	129100
1474227760.0,	129131
1474227814.0,	129159
1474227868.0,	129314
1474227975.0,	129515
1474228029.0,	129565
1474228082.0,	129631
1474228136.0,	129681
1474228189.0,	129709
1474228244.0,	129839
1474228297.0,	129949
1474228352.0,	130009
1474228515.0,	130109
1474228570.0,	130320
1474228629.0,	130427
1474228684.0,	130542
1474228737.0,	130715
1474228790.0,	130725
1474228844.0,	130790
1474228897.0,	130965
1474228951.0,	131065
1474229005.0,	131147
1474229114.0,	131229
1474229168.0,	131239
1474229222.0,	131249
1474229297.0,	131299
1474229350.0,	131309
1474229404.0,	131409
1474229460.0,	131543
1474229513.0,	131741
1474229566.0,	131922
1474229619.0,	131962
1474229672.0,	132093
1474229726.0,	132289
1474229833.0,	132319
1474229886.0,	132442
1474229939.0,	132556
1474230046.0,	132636
1474230100.0,	132779
1474230154.0,	133034
1474230208.0,	133087
1474230315.0,	133257
1474230368.0,	133586
1474230421.0,	133817
1474230474.0,	134075
1474230527.0,	134295
1474230581.0,	134325
1474230688.0,	134378
1474230796.0,	134498
1474230851.0,	134693
1474230905.0,	134947
1474230959.0,	135099
1474231012.0,	135188
1474231068.0,	135379
1474231124.0,	135596
1474231178.0,	135840
1474231231.0,	136510
1474231285.0,	136840
1474231398.0,	137520
1474231452.0,	137676
1474231506.0,	137944
1474231560.0,	138253
1474231614.0,	138488
1474231669.0,	138760
1474231723.0,	138980
1474231776.0,	139202
1474231829.0,	139390
1474231937.0,	139502
1474231990.0,	139896
1474232044.0,	140031
1474232098.0,	140592
1474232153.0,	140755
1474232206.0,	141045
1474232264.0,	141269
1474232317.0,	141289
1474232371.0,	141403
1474232424.0,	141639
1474232531.0,	141769
1474232584.0,	141862
1474232643.0,	141933
1474232697.0,	141956
1474232751.0,	142015
1474232805.0,	142079
1474232858.0,	142179
1474232912.0,	142246
1474232967.0,	142311
1474233076.0,	142534
1474233128.0,	142574
1474233182.0,	142576
1474233237.0,	142578
1474233290.0,	142613
1474233343.0,	142628
1474233397.0,	142654
1474233451.0,	142664
1474233669.0,	142674
1474233777.0,	142684
1474233830.0,	142695
1474233936.0,	143736
1474233990.0,	143791
1474234097.0,	143813
1474234258.0,	143854
1474234312.0,	143865
1474234364.0,	143980
1474234418.0,	143997
1474234471.0,	144048
1474234687.0,	144086
1474234741.0,	144098
1474234795.0,	144143
1474234848.0,	144397
1474234901.0,	144408
1474234954.0,	144440
1474235009.0,	144692
1474235117.0,	144757
1474235170.0,	144782
1474235225.0,	144936
1474235278.0,	144991
1474235334.0,	145049
1474235447.0,	145069
1474235501.0,	145197
1474235611.0,	145199
1474235825.0,	145249
1474235879.0,	145379
1474235932.0,	145398
1474236041.0,	145421
1474236094.0,	145461
1474236148.0,	145466
1474236256.0,	145498
1474236417.0,	145511
1474236471.0,	145556
1474236578.0,	145643
1474236632.0,	145743
1474236686.0,	145815
1474236795.0,	145827
1474236848.0,	145900
1474236904.0,	145902
1474236957.0,	145912
1474237010.0,	145922
1474237065.0,	145942
1474237117.0,	145982
1474237171.0,	146031
1474237280.0,	146111
1474237337.0,	146157
1474237390.0,	146173
1474237500.0,	146207
1474237555.0,	146227
1474237610.0,	146358
1474237664.0,	146381
1474237772.0,	146504
1474237826.0,	146519
1474237934.0,	146531
1474238099.0,	146541
1474238259.0,	146652
1474238314.0,	147111
1474238369.0,	147141
1474238476.0,	147162
1474238530.0,	147192
1474238636.0,	147269
1474238689.0,	147279
1474238798.0,	147285
1474238853.0,	147785
1474239015.0,	147805
1474239069.0,	147845
1474239123.0,	147857
1474239283.0,	147864
1474239336.0,	147869
1474239496.0,	148061
1474239603.0,	148091
1474239657.0,	148293
1474239764.0,	148328
1474239872.0,	148378
1474239926.0,	148408
1474240033.0,	148449
1474240086.0,	148559
1474240139.0,	148562
1474240353.0,	148593
1474240412.0,	148693
1474240466.0,	148731
1474240574.0,	148734
1474240626.0,	148847
1474240680.0,	148877
1474240796.0,	0
1474240849.0,	148882
1474241010.0,	149007
1474241064.0,	149012
1474241177.0,	149035
1474241231.0,	149050
1474241285.0,	149152
1474241393.0,	149398
1474241448.0,	149465
1474241555.0,	149634
1474241609.0,	149636
1474241663.0,	149736
1474241716.0,	149998
1474241770.0,	150033
1474241823.0,	150043
1474241930.0,	153484
1474241983.0,	153509
1474242037.0,	153519
1474242143.0,	153581
1474242197.0,	153586
1474242251.0,	153736
1474242411.0,	153836
1474242464.0,	153868
1474242517.0,	153899
1474242571.0,	153920
1474242624.0,	153960
1474242678.0,	154110
1474242733.0,	154133
1474242788.0,	154348
1474242894.0,	154390
1474242948.0,	154621
1474243055.0,	154671
1474243109.0,	154709
1474243163.0,	154740
1474243216.0,	154765
1474243377.0,	154890
1474243431.0,	154891
1474243485.0,	155958
1474243540.0,	156009
1474243593.0,	156049
1474243647.0,	156053
1474243701.0,	156103
1474243754.0,	156203
1474243809.0,	156223
1474243915.0,	156298
1474243969.0,	156452
1474244022.0,	156532
1474244076.0,	156817
1474244129.0,	156988
1474244183.0,	156989
1474244237.0,	157321
1474244292.0,	157741
1474244345.0,	157854
1474244451.0,	158008
1474244565.0,	158360
1474244726.0,	158445
1474244780.0,	158455
1474244832.0,	158465
1474244887.0,	158565
1474244994.0,	158856
1474245048.0,	158878
1474245102.0,	158981
1474245263.0,	159001
1474245316.0,	159111
1474245370.0,	159251
1474245585.0,	159411
1474245638.0,	159416
1474245692.0,	159516
1474245745.0,	159566
1474245799.0,	159628
1474245906.0,	159630
1474246120.0,	159632
1474246173.0,	159642
1474246227.0,	159702
1474246335.0,	159712
1474246497.0,	159713
1474246604.0,	159753
1474246710.0,	159755
1474246763.0,	159765
1474246871.0,	159775
1474246924.0,	159875
1474247031.0,	159905
1474247085.0,	159915
1474247139.0,	159935
1474247248.0,	159945
1474247356.0,	159976
1474247410.0,	159986
1474247572.0,	160011
1474247680.0,	160034
1474247735.0,	160064
1474247788.0,	160164
1474247842.0,	160174
1474248112.0,	160244
1474248165.0,	160294
1474248381.0,	160295
1474248435.0,	160297
1474248544.0,	160348
1474248704.0,	160358
1474248763.0,	160410
1474248817.0,	160913
1474248872.0,	160936
1474248926.0,	161009
1474248979.0,	161150
1474249033.0,	161265
1474249087.0,	161439
1474249194.0,	161534
1474249249.0,	161629
1474249356.0,	161709
1474249409.0,	161771
1474249463.0,	161795
1474249516.0,	161797
1474249570.0,	162017
1474249678.0,	162117
1474249731.0,	162207
1474249784.0,	162247
1474249839.0,	162267
1474249893.0,	162338
1474249946.0,	162483
1474250000.0,	162506
1474250054.0,	162538
1474250108.0,	162787
1474250217.0,	162815
1474250271.0,	162835
1474250325.0,	162958
1474250379.0,	163005
1474250434.0,	163054
1474250488.0,	163077
1474250543.0,	163080
1474250600.0,	163103
1474250653.0,	163176
1474250707.0,	163276
1474250816.0,	163311
1474250870.0,	163473
1474250924.0,	163488
1474250977.0,	163603
1474251031.0,	163628
1474251087.0,	163732
1474251141.0,	163909
1474251196.0,	164185
1474251250.0,	164253
1474251361.0,	164309
1474251415.0,	164442
1474251470.0,	164481
1474251524.0,	164498
1474251578.0,	164561
1474251633.0,	164680
1474251686.0,	164805
1474251741.0,	165340
1474251795.0,	165648
1474251849.0,	165895
1474251956.0,	166039
1474252009.0,	166106
1474252063.0,	166228
1474252120.0,	166398
1474252175.0,	166514
1474252230.0,	166694
1474252284.0,	166864
1474252337.0,	166984
1474252391.0,	167005
1474252500.0,	167065
1474252553.0,	167069
1474252607.0,	167170
1474252661.0,	167392
1474252715.0,	167435
1474252769.0,	167540
1474252823.0,	167788
1474252877.0,	168006
1474252931.0,	168150
1474252987.0,	168316
1474253094.0,	168450
1474253148.0,	168901
1474253203.0,	169443
1474253256.0,	169572
1474253310.0,	169757
1474253364.0,	169971
1474253416.0,	170522
1474253470.0,	170645
1474253577.0,	170769
1474253631.0,	171013
1474253684.0,	171088
1474253739.0,	171124
1474253794.0,	171154
1474253847.0,	171175
1474253900.0,	171599
1474253954.0,	171639
1474254006.0,	171719
1474254113.0,	171729
1474254167.0,	171909
1474254275.0,	171969
1474254328.0,	172097
1474254382.0,	172248
1474254435.0,	172494
1474254489.0,	172925
1474254595.0,	173022
1474254649.0,	173442
1474254702.0,	173462
1474254756.0,	173809
1474254809.0,	174104
1474254862.0,	174114
1474254916.0,	174479
1474254969.0,	174632
1474255076.0,	174642
1474255129.0,	174720
1474255183.0,	174728
1474255236.0,	174894
1474255291.0,	174899
1474255344.0,	175121
1474255397.0,	175298
1474255451.0,	175338
1474255558.0,	175401
1474255611.0,	175619
1474255666.0,	176142
1474255719.0,	176304
1474255773.0,	176375
1474255828.0,	176516
1474255880.0,	176527
1474255934.0,	176642
1474255986.0,	176687
1474256092.0,	176774
1474256145.0,	176905
1474256252.0,	176915
1474256360.0,	177075
1474256413.0,	177145
1474256467.0,	177225
1474256573.0,	177235
1474256626.0,	177760
1474256679.0,	177871
1474256785.0,	177971
1474256892.0,	177981
1474256999.0,	178011
1474257054.0,	178023
1474257108.0,	178226
1474257161.0,	178468
1474257214.0,	178601
1474257321.0,	178943
1474257374.0,	179013
1474257427.0,	179047
1474257533.0,	179149
1474257587.0,	179159
1474257695.0,	179171
1474257858.0,	179172
1474258072.0,	179289
1474258233.0,	179319
1474258286.0,	179323
1474258393.0,	179344
1474258446.0,	179374
1474258660.0,	179444
1474258767.0,	179476
1474258822.0,	179493
1474258876.0,	179507
1474258929.0,	179561
1474259036.0,	179600
1474259089.0,	180000
1474259196.0,	180017
1474259249.0,	180126
1474259303.0,	180332
1474259356.0,	180447
1474259409.0,	180516
1474259518.0,	180526
1474259572.0,	180576
1474259732.0,	180636
1474259839.0,	180863
1474259892.0,	180876
1474259945.0,	180877
1474260053.0,	181007
1474260105.0,	181027
1474260159.0,	181057
1474260212.0,	181378
1474260267.0,	181660
1474260321.0,	181674
1474260427.0,	181684
1474260534.0,	181692
1474260588.0,	181765
1474260853.0,	181795
1474261013.0,	181815
1474261066.0,	181965
1474261119.0,	181967
1474261172.0,	181977
1474261226.0,	181978
1474261279.0,	182071
1474261333.0,	182147
1474261385.0,	182253
1474261491.0,	182353
1474261597.0,	182363
1474261650.0,	182365
1474261757.0,	182381
1474261820.0,	182411
1474261874.0,	182512
1474261926.0,	182536
1474262032.0,	182570
1474262138.0,	182580
1474262244.0,	182590
1474262296.0,	182600
1474262349.0,	182630
1474262561.0,	182642
1474262614.0,	182652
1474262773.0,	182662
1474262985.0,	182664
1474263145.0,	182674
1474263198.0,	182732
1474263619.0,	182842
1474265303.0,	182902
1474265671.0,	183089
1474267577.0,	183099
1474277534.0,	183109
1474278112.0,	183114
1474278323.0,	183141
1474288167.0,	183142
1474293795.0,	183176
1474294798.0,	183186
1474295484.0,	183286
1474303096.0,	183296
1474303993.0,	183341
1474304995.0,	183351
1474306896.0,	183363
1474309220.0,	183373
1474317354.0,	183375
1474324592.0,	183440
1474324855.0,	183450
1474329884.0,	183462
1474333207.0,	183492
1474337538.0,	183592
1474338386.0,	183604
