#start
# timestamp, 	data
1474010580.0,	29392
1474011180.0,	29402
1474013580.0,	29404
1474014420.0,	29414
1474015140.0,	29425
1474015380.0,	29455
1474017060.0,	29485
1474017300.0,	29515
1474018500.0,	29585
1474018861.0,	29601
1474019220.0,	29612
1474019700.0,	29742
1474023900.0,	29752
1474025820.0,	29755
1474027140.0,	29785
1474027861.0,	29786
1474027980.0,	29792
1474028461.0,	29802
1474028700.0,	29902
1474029061.0,	29932
1474029181.0,	29942
1474030020.0,	29957
1474030380.0,	29967
1474030860.0,	29980
1474031341.0,	30015
1474031460.0,	30035
1474033141.0,	30055
1474033861.0,	30155
1474034100.0,	30165
1474034220.0,	30265
1474034461.0,	30275
1474034700.0,	30375
1474034941.0,	30405
1474035300.0,	30505
1474035421.0,	30605
1474035660.0,	30615
1474035780.0,	30627
1474036140.0,	30657
1474036500.0,	30667
1474036980.0,	30683
1474037101.0,	30693
1474037460.0,	30703
1474037580.0,	30713
1474038300.0,	30813
1474038661.0,	30924
1474039141.0,	30925
1474039501.0,	30936
1474039620.0,	30946
1474039861.0,	31068
1474039980.0,	31098
1474040220.0,	31108
1474040340.0,	31110
1474040461.0,	31152
1474040580.0,	31214
1474040820.0,	31248
1474040941.0,	31278
1474041060.0,	31302
1474041420.0,	31362
1474041661.0,	31392
1474041781.0,	31402
1474041901.0,	31548
1474042021.0,	31631
1474042141.0,	31646
1474042261.0,	31873
1474042380.0,	31985
1474042500.0,	32137
1474042620.0,	32563
1474042740.0,	32816
1474042860.0,	33190
1474042981.0,	33354
1474043100.0,	33924
1474043220.0,	33936
1474043340.0,	34083
1474043460.0,	34796
1474043580.0,	35685
1474043701.0,	37181
1474043820.0,	37519
1474043940.0,	37734
1474044060.0,	39030
1474044180.0,	39164
1474044300.0,	39408
1474044421.0,	39854
1474044540.0,	40057
1474044660.0,	40601
1474044780.0,	41043
1474044901.0,	41243
1474045020.0,	41579
1474045140.0,	41844
1474045260.0,	42214
1474045380.0,	42627
1474045500.0,	42895
1474045621.0,	43625
1474045741.0,	43851
1474045860.0,	44507
1474045980.0,	44681
1474046100.0,	46333
1474046220.0,	46508
1474046341.0,	46644
1474046460.0,	46697
1474046580.0,	46903
1474046700.0,	46923
1474046820.0,	47062
1474046940.0,	47072
1474047061.0,	47115
1474047180.0,	47226
1474047300.0,	47874
1474047420.0,	48571
1474047540.0,	48810
1474047660.0,	49006
1474047781.0,	49106
1474047900.0,	49276
1474048020.0,	49479
1474048140.0,	49553
1474048260.0,	49646
1474048380.0,	50227
1474048501.0,	50564
1474048620.0,	50894
1474048741.0,	50924
1474048860.0,	50950
1474048980.0,	51050
1474049100.0,	51233
1474049340.0,	51333
1474049461.0,	51451
1474049580.0,	51641
1474049700.0,	51643
1474049820.0,	51649
1474049940.0,	51699
1474050060.0,	51714
1474050181.0,	51824
1474050300.0,	51834
1474050540.0,	52094
1474050661.0,	52226
1474050781.0,	52266
1474050900.0,	52336
1474051020.0,	52389
1474051140.0,	52419
1474051260.0,	52570
1474051380.0,	52671
1474051500.0,	52903
1474051620.0,	52938
1474051740.0,	52960
1474051861.0,	52980
1474051980.0,	53010
1474052100.0,	53102
1474052220.0,	53234
1474052340.0,	53324
1474052461.0,	53340
1474052580.0,	53371
1474052700.0,	53484
1474052820.0,	53539
1474052940.0,	53619
1474053300.0,	53639
1474053540.0,	53711
1474053660.0,	53810
1474053781.0,	53820
1474053900.0,	53981
1474054020.0,	53991
1474054140.0,	54011
1474054260.0,	54121
1474054380.0,	54153
1474054501.0,	54274
1474054620.0,	54304
1474054740.0,	54305
1474054860.0,	54355
1474054980.0,	54491
1474055101.0,	54522
1474055340.0,	54532
1474055460.0,	54636
1474055580.0,	54685
1474055700.0,	54740
1474055821.0,	54850
1474055941.0,	54885
1474056421.0,	54965
1474056541.0,	54975
1474056660.0,	54985
1474056900.0,	54995
1474057020.0,	55035
1474057260.0,	55135
1474057620.0,	55645
1474057741.0,	55798
1474057860.0,	55828
1474058100.0,	55929
1474058220.0,	55959
1474058341.0,	55989
1474058460.0,	56024
1474058580.0,	56216
1474058700.0,	56226
1474058820.0,	56276
1474058940.0,	56306
1474059061.0,	56376
1474059180.0,	56526
1474059300.0,	56626
1474059660.0,	56636
1474059781.0,	56686
1474060020.0,	56858
1474060140.0,	56888
1474060260.0,	57013
1474060380.0,	57043
1474060620.0,	57183
1474060740.0,	57308
1474060860.0,	57684
1474060980.0,	58288
1474061100.0,	58406
1474061221.0,	58511
1474061340.0,	58969
1474061460.0,	59089
1474061580.0,	59339
1474061700.0,	59392
1474061820.0,	59432
1474061941.0,	59522
1474062060.0,	60140
1474062180.0,	60170
1474062300.0,	60440
1474062421.0,	60472
1474062541.0,	60502
1474062660.0,	60702
1474062780.0,	61252
1474062900.0,	61422
1474063260.0,	61552
1474063380.0,	61702
1474063500.0,	61762
1474063620.0,	61813
1474063861.0,	61848
1474063981.0,	61894
1474064100.0,	61956
1474064220.0,	62008
1474064340.0,	62048
1474064460.0,	62060
1474064581.0,	62070
1474064700.0,	62080
1474064940.0,	62090
1474065060.0,	62360
1474065181.0,	62410
1474065301.0,	62450
1474065420.0,	62550
1474065540.0,	62552
1474065660.0,	62612
1474065901.0,	62759
1474066020.0,	62821
1474066140.0,	63071
1474066260.0,	63399
1474066380.0,	63511
1474066500.0,	63571
1474066621.0,	63744
1474066740.0,	63854
1474066860.0,	64011
1474066980.0,	64535
1474067100.0,	64553
1474067220.0,	64594
1474067340.0,	64694
1474067461.0,	64855
1474067700.0,	64955
1474067821.0,	65065
1474067941.0,	65155
1474068060.0,	65256
1474068181.0,	65596
1474068301.0,	65729
1474068420.0,	65961
1474068541.0,	66054
1474068660.0,	66104
1474068781.0,	66126
1474068900.0,	66156
1474069020.0,	66201
1474069141.0,	66341
1474069260.0,	66521
1474069381.0,	67371
1474069500.0,	67419
1474069621.0,	67536
1474069740.0,	67671
1474069866.0,	67847
1474069980.0,	67879
1474070220.0,	67909
1474070461.0,	68039
1474070581.0,	68050
1474070701.0,	68126
1474070820.0,	68171
1474070940.0,	68281
1474071060.0,	68291
1474071420.0,	68301
1474071541.0,	68901
1474071781.0,	68921
1474071901.0,	68953
1474072020.0,	69044
1474072380.0,	69174
1474072741.0,	69177
1474072980.0,	69187
1474073100.0,	69189
1474073220.0,	69260
1474073341.0,	69360
1474073460.0,	69380
1474073580.0,	69490
1474073701.0,	69542
1474073940.0,	69552
1474074060.0,	69582
1474074180.0,	69592
1474074301.0,	69622
1474074420.0,	69624
1474074540.0,	69727
1474074660.0,	69734
1474074781.0,	69774
1474074901.0,	70214
1474075020.0,	70245
1474075140.0,	70315
1474075260.0,	70417
1474075381.0,	70540
1474075500.0,	70752
1474075620.0,	70802
1474075740.0,	70812
1474075860.0,	70912
1474075981.0,	71044
1474076100.0,	71111
1474076220.0,	71346
1474076340.0,	71952
1474076700.0,	72109
1474076821.0,	72637
1474076940.0,	72977
1474077060.0,	73027
1474077180.0,	73059
1474077300.0,	73089
1474077421.0,	73315
1474077660.0,	73473
1474077780.0,	73503
1474077901.0,	73505
1474078381.0,	73555
1474078500.0,	73565
1474078620.0,	73605
1474078740.0,	73675
1474078981.0,	73793
1474079100.0,	73803
1474079220.0,	73942
1474079340.0,	73979
1474079461.0,	74013
1474079700.0,	74015
1474079820.0,	74025
1474080060.0,	74087
1474080541.0,	74097
1474080660.0,	74126
1474080780.0,	74136
1474081021.0,	74266
1474081140.0,	74296
1474081260.0,	74298
1474081500.0,	74398
1474081980.0,	74462
1474082220.0,	74472
1474082580.0,	74488
1474082701.0,	74559
1474082820.0,	74689
1474082940.0,	74699
1474083060.0,	74831
1474083181.0,	74942
1474083300.0,	75043
1474083540.0,	75134
1474083900.0,	75144
1474084021.0,	75170
1474084500.0,	75180
1474084740.0,	75190
1474084860.0,	75200
1474084980.0,	75222
1474086060.0,	75274
1474086781.0,	75299
1474086900.0,	75399
1474087380.0,	75409
1474087500.0,	75420
1474087620.0,	75430
1474087860.0,	75441
1474087981.0,	75455
1474088220.0,	75482
1474089541.0,	75492
1474090620.0,	75522
1474090980.0,	75532
1474091581.0,	75542
1474095300.0,	75552
1474099380.0,	75564
1474100101.0,	75575
1474101540.0,	75645
1474103340.0,	75676
1474103461.0,	75684
1474103580.0,	75714
1474103700.0,	75726
1474103820.0,	75736
1474105140.0,	75776
1474105380.0,	75786
1474105500.0,	75787
1474105621.0,	75797
1474106340.0,	75817
1474107420.0,	75821
1474111620.0,	75855
1474112940.0,	75889
1474113300.0,	75891
1474113420.0,	75901
1474114500.0,	75931
1474115700.0,	75932
1474116540.0,	75944
1474116660.0,	75974
1474117260.0,	76006
1474117501.0,	76016
1474117740.0,	76116
1474118220.0,	76136
1474118940.0,	76242
1474119781.0,	76252
1474120620.0,	76262
1474121220.0,	76292
1474121580.0,	76393
1474121940.0,	76403
1474122300.0,	76413
1474122420.0,	76463
1474123021.0,	76505
1474123380.0,	76545
1474123501.0,	76645
1474124101.0,	76675
1474126380.0,	76685
1474126620.0,	76789
1474127820.0,	76889
1474128301.0,	76989
1474128420.0,	77032
1474128540.0,	77184
1474128661.0,	77620
1474128781.0,	77813
1474128901.0,	77998
1474129021.0,	78269
1474129141.0,	78309
1474129261.0,	78506
1474129380.0,	78531
1474129501.0,	78681
1474129621.0,	78996
1474129740.0,	79194
1474129860.0,	79242
1474129981.0,	79344
1474130100.0,	79398
1474130221.0,	79928
1474130340.0,	79999
1474130460.0,	80110
1474130581.0,	80225
1474130700.0,	80235
1474130821.0,	80736
1474130940.0,	80832
1474131060.0,	80982
1474131180.0,	81069
1474131541.0,	81109
1474131661.0,	81141
1474131780.0,	81340
1474131901.0,	81350
1474132021.0,	81390
1474132141.0,	82456
1474132500.0,	82556
1474132621.0,	82591
1474132741.0,	82612
1474132861.0,	82742
1474132980.0,	82764
1474133101.0,	82970
1474133221.0,	82985
1474133341.0,	83154
1474133460.0,	83244
1474133580.0,	83340
1474133701.0,	83642
1474133821.0,	83703
1474133941.0,	83733
1474134061.0,	83864
1474134300.0,	83931
1474134421.0,	83941
1474134540.0,	84041
1474134661.0,	84296
1474134780.0,	84318
1474135020.0,	84562
1474135140.0,	84572
1474135261.0,	84748
1474135500.0,	84918
1474135621.0,	84948
1474135741.0,	84972
1474135860.0,	85085
1474136102.0,	85121
1474136461.0,	85412
1474136580.0,	85442
1474136701.0,	85496
1474136821.0,	85619
1474136941.0,	85685
1474137060.0,	85699
1474137181.0,	85799
1474137301.0,	85830
1474137420.0,	85868
1474137541.0,	85968
1474137661.0,	86088
1474137901.0,	86100
1474138021.0,	86170
1474138141.0,	86171
1474138262.0,	86191
1474138501.0,	86241
1474138620.0,	86261
1474138741.0,	86314
1474138866.0,	86326
1474138980.0,	86366
1474139100.0,	86966
1474139220.0,	86969
1474139341.0,	87001
1474139461.0,	87011
1474139581.0,	87071
1474139700.0,	87258
1474139820.0,	87449
1474139941.0,	87498
1474140180.0,	87544
1474140301.0,	88150
1474140420.0,	88260
1474140541.0,	88602
1474140661.0,	88612
1474140781.0,	88722
1474140900.0,	88986
1474141020.0,	89122
1474141141.0,	90143
1474141262.0,	90263
1474141381.0,	90499
1474141501.0,	90529
1474141621.0,	91174
1474141740.0,	91319
1474141861.0,	91389
1474141981.0,	91399
1474142101.0,	91426
1474142220.0,	91442
1474142341.0,	91606
1474142460.0,	91668
1474142580.0,	91741
1474142701.0,	91791
1474142821.0,	91947
1474142941.0,	92007
1474143060.0,	92043
1474143180.0,	92159
1474143301.0,	92169
1474143540.0,	92247
1474143660.0,	92291
1474143781.0,	92332
1474143900.0,	92639
1474144021.0,	92939
1474144140.0,	93114
1474144260.0,	93326
1474144380.0,	93346
1474144501.0,	93376
1474144621.0,	93704
1474144740.0,	94031
1474144860.0,	94141
1474144980.0,	94151
1474145101.0,	94411
1474145342.0,	94552
1474145461.0,	94556
1474145581.0,	94688
1474145701.0,	94788
1474145941.0,	95450
1474146301.0,	95504
1474147020.0,	95574
1474147260.0,	95589
1474147381.0,	95765
1474147501.0,	96096
1474147622.0,	96276
1474147740.0,	96406
1474147860.0,	96578
1474147980.0,	96593
1474148100.0,	96623
1474148221.0,	96625
1474148340.0,	96648
1474148461.0,	96652
1474148581.0,	96785
1474148701.0,	96803
1474148821.0,	96933
1474148940.0,	96951
1474149060.0,	96961
1474149301.0,	97011
1474149421.0,	97021
1474149540.0,	97031
1474149661.0,	97104
1474149780.0,	97109
1474150022.0,	7
1474150140.0,	8
1474150291.0,	7
1474150385.0,	0
1474150980.0,	97369
1474151101.0,	97384
1474151220.0,	97619
1474151341.0,	97925
1474151460.0,	98050
1474151581.0,	98231
1474151701.0,	98261
1474151821.0,	98357
1474151940.0,	98482
1474152060.0,	98718
1474152180.0,	98959
1474152301.0,	98969
1474152421.0,	99293
1474152540.0,	100520
1474152660.0,	100759
1474152780.0,	100884
1474152901.0,	101034
1474153021.0,	101041
1474153141.0,	101051
1474153380.0,	101056
1474153501.0,	101156
1474153621.0,	101157
1474153740.0,	101259
1474153981.0,	101576
1474154101.0,	101590
1474154340.0,	101670
1474154460.0,	101788
1474154581.0,	101798
1474154700.0,	102130
1474154820.0,	102224
1474154941.0,	102324
1474155060.0,	102500
1474155180.0,	102530
1474155301.0,	102564
1474155421.0,	102684
1474155540.0,	102818
1474155660.0,	102879
1474155781.0,	102889
1474155900.0,	103022
1474156021.0,	103269
1474156140.0,	103374
1474156380.0,	103492
1474156501.0,	103680
1474156621.0,	103710
1474156741.0,	103740
1474156860.0,	103780
1474156981.0,	103790
1474157100.0,	103845
1474157221.0,	103865
1474157340.0,	104029
1474157460.0,	104059
1474157581.0,	104069
1474157700.0,	104074
1474157821.0,	104194
1474157941.0,	104260
1474158060.0,	104407
1474158181.0,	104434
1474158300.0,	104436
1474158420.0,	104546
1474158541.0,	104576
1474158780.0,	104615
1474158900.0,	105625
1474159020.0,	105645
1474159621.0,	105755
1474159861.0,	105759
1474159981.0,	106000
1474160100.0,	106200
1474160220.0,	106280
1474160341.0,	106380
1474160461.0,	106453
1474160580.0,	106464
1474160700.0,	106490
1474160820.0,	106595
1474160941.0,	106654
1474161061.0,	106705
1474161181.0,	106735
1474161300.0,	106796
1474161420.0,	106860
1474161540.0,	106925
1474161661.0,	107035
1474161780.0,	107080
1474161900.0,	107149
1474162020.0,	107332
1474162140.0,	107513
1474162261.0,	107651
1474162381.0,	107661
1474162500.0,	107701
1474162620.0,	107962
1474162741.0,	107972
1474162981.0,	108034
1474163100.0,	108084
1474163220.0,	108106
1474163581.0,	108117
1474163940.0,	108127
1474164061.0,	108227
1474164541.0,	108229
1474165020.0,	108274
1474165142.0,	108284
1474165260.0,	108306
1474165620.0,	108311
1474165860.0,	108321
1474165980.0,	108346
1474166101.0,	108396
1474166220.0,	108469
1474166461.0,	108494
1474166581.0,	108541
1474166700.0,	108601
1474166820.0,	108917
1474166941.0,	108958
1474167060.0,	109149
1474167181.0,	109156
1474167300.0,	109631
1474167421.0,	110482
1474167540.0,	110646
1474167661.0,	110720
1474167780.0,	110930
1474167900.0,	110983
1474168020.0,	111175
1474168141.0,	111245
1474168260.0,	111324
1474168380.0,	111584
1474168501.0,	111689
1474168620.0,	111742
1474168740.0,	111904
1474168861.0,	112007
1474168980.0,	112024
1474169220.0,	112094
1474169341.0,	112271
1474169580.0,	112401
1474169700.0,	112467
1474169820.0,	112494
1474169941.0,	112694
1474170062.0,	112804
1474170180.0,	112845
1474170300.0,	112916
1474170421.0,	112947
1474170540.0,	113107
1474170661.0,	113122
1474170780.0,	113291
1474170900.0,	113488
1474171021.0,	113520
1474171140.0,	114181
1474171260.0,	114209
1474171380.0,	114239
1474171500.0,	114425
1474171620.0,	114491
1474171740.0,	114514
1474171861.0,	114753
1474171981.0,	114866
1474172101.0,	114938
1474172221.0,	115088
1474172340.0,	115154
1474172460.0,	115264
1474172700.0,	115441
1474172820.0,	115532
1474173060.0,	115542
1474173420.0,	115594
1474173660.0,	115604
1474175460.0,	115634
1474175940.0,	115645
1474176301.0,	115655
1474177980.0,	115667
1474178221.0,	115697
1474178340.0,	115699
1474178940.0,	115734
1474179061.0,	115744
1474180740.0,	115754
1474180980.0,	115755
1474181341.0,	115759
1474181580.0,	115869
1474182900.0,	115875
1474183500.0,	116005
1474183620.0,	116015
1474183980.0,	116017
1474184220.0,	116032
1474185180.0,	116043
1474185300.0,	116143
1474185540.0,	116153
1474186860.0,	116159
1474188540.0,	116189
1474188660.0,	116221
1474189140.0,	116241
1474189501.0,	116291
1474190101.0,	116320
1474191900.0,	116340
1474192380.0,	116342
1474192980.0,	116372
1474193580.0,	116382
1474193701.0,	116392
1474195501.0,	116403
1474196340.0,	116407
1474197540.0,	116417
1474197660.0,	116517
1474198981.0,	116547
1474199220.0,	116557
1474200300.0,	116567
1474201620.0,	116577
1474204500.0,	116579
1474204740.0,	116580
1474204980.0,	116690
1474206900.0,	116700
1474207501.0,	116733
1474208101.0,	116734
1474209060.0,	116746
1474210020.0,	116756
1474210500.0,	116766
1474210740.0,	116796
1474211700.0,	116806
1474211820.0,	116816
1474212061.0,	116876
1474212420.0,	116906
1474213740.0,	116936
1474214100.0,	116946
1474214580.0,	116974
1474214940.0,	117014
1474215060.0,	117039
1474215180.0,	117044
1474215301.0,	117196
1474215420.0,	117434
1474215540.0,	117644
1474215660.0,	117744
1474215781.0,	118126
1474215901.0,	118186
1474216020.0,	118438
1474216140.0,	118493
1474216260.0,	118568
1474216381.0,	118728
1474216500.0,	118859
1474216620.0,	119069
1474216740.0,	119079
1474216861.0,	119239
1474216980.0,	119470
1474217100.0,	119585
1474217221.0,	119825
1474217340.0,	120093
1474217460.0,	121123
1474217581.0,	121349
1474217700.0,	121452
1474217822.0,	121689
1474218060.0,	121733
1474218180.0,	121743
1474218301.0,	121753
1474218421.0,	121763
1474218540.0,	121787
1474218660.0,	121827
1474218780.0,	121897
1474218901.0,	121948
1474219021.0,	121997
1474219140.0,	122038
1474219260.0,	122063
1474219380.0,	122127
1474219501.0,	122186
1474219621.0,	122346
1474219740.0,	122677
1474219860.0,	122707
1474219980.0,	122727
1474220101.0,	122797
1474220221.0,	122906
1474220340.0,	122946
1474220580.0,	122966
1474220701.0,	123086
1474220821.0,	123186
1474220940.0,	123207
1474221061.0,	123217
1474221181.0,	123228
1474221300.0,	123278
1474221420.0,	123338
1474221541.0,	123551
1474221660.0,	123601
1474221781.0,	123626
1474221901.0,	123766
1474222021.0,	123880
1474222142.0,	123928
1474222260.0,	123938
1474222380.0,	124281
1474222501.0,	124322
1474222620.0,	124791
1474222741.0,	124875
1474222860.0,	124936
1474222980.0,	125144
1474223100.0,	125184
1474223221.0,	125734
1474223341.0,	125768
1474223462.0,	125803
1474223580.0,	125866
1474223701.0,	125922
1474223940.0,	125947
1474224061.0,	126017
1474224181.0,	126104
1474224300.0,	126139
1474224420.0,	126172
1474224541.0,	126328
1474224660.0,	126447
1474224781.0,	126632
1474224900.0,	126796
1474225020.0,	127119
1474225141.0,	127209
1474225260.0,	127278
1474225381.0,	127328
1474225501.0,	127413
1474225626.0,	127593
1474225741.0,	127610
1474225861.0,	127710
1474226102.0,	127720
1474226220.0,	127760
1474226340.0,	127790
1474226460.0,	128172
1474226581.0,	128272
1474226700.0,	128302
1474226940.0,	128346
1474227060.0,	128386
1474227180.0,	128657
1474227301.0,	128767
1474227421.0,	128888
1474227540.0,	128940
1474227660.0,	129040
1474227780.0,	129131
1474227901.0,	129314
1474228021.0,	129565
1474228140.0,	129681
1474228260.0,	129839
1474228381.0,	130009
1474228500.0,	130109
1474228621.0,	130427
1474228740.0,	130715
1474228861.0,	130790
1474228980.0,	131065
1474229101.0,	131229
1474229226.0,	131249
1474229340.0,	131309
1474229460.0,	131543
1474229581.0,	131922
1474229700.0,	132093
1474229821.0,	132319
1474229941.0,	132556
1474230061.0,	132636
1474230180.0,	133034
1474230300.0,	133257
1474230421.0,	133817
1474230540.0,	134295
1474230661.0,	134325
1474230781.0,	134498
1474230901.0,	134947
1474231020.0,	135188
1474231140.0,	135596
1474231260.0,	136510
1474231381.0,	137520
1474231500.0,	137944
1474231621.0,	138488
1474231741.0,	138980
1474231860.0,	139390
1474231981.0,	139896
1474232100.0,	140592
1474232220.0,	141045
1474232340.0,	141289
1474232461.0,	141639
1474232580.0,	141862
1474232701.0,	141956
1474232820.0,	142079
1474232940.0,	142246
1474233061.0,	142534
1474233180.0,	142576
1474233301.0,	142613
1474233421.0,	142654
1474233540.0,	142664
1474233661.0,	142674
1474233781.0,	142684
1474233900.0,	142695
1474234021.0,	143791
1474234140.0,	143813
1474234261.0,	143854
1474234382.0,	143980
1474234501.0,	144048
1474234741.0,	144098
1474234860.0,	144397
1474234981.0,	144440
1474235100.0,	144757
1474235220.0,	144936
1474235341.0,	145049
1474235460.0,	145069
1474235581.0,	145197
1474235701.0,	145199
1474235820.0,	145249
1474235941.0,	145398
1474236060.0,	145421
1474236181.0,	145466
1474236306.0,	145498
1474236420.0,	145511
1474236540.0,	145556
1474236661.0,	145743
1474236781.0,	145827
1474236901.0,	145902
1474237020.0,	145922
1474237140.0,	145982
1474237261.0,	146111
1474237380.0,	146173
1474237501.0,	146207
1474237621.0,	146358
1474237740.0,	146381
1474237860.0,	146519
1474237981.0,	146531
1474238101.0,	146541
1474238341.0,	147111
1474238461.0,	147162
1474238580.0,	147192
1474238701.0,	147279
1474238821.0,	147285
1474238941.0,	147785
1474239060.0,	147845
1474239180.0,	147857
1474239301.0,	147864
1474239420.0,	147869
1474239541.0,	148061
1474239662.0,	148293
1474239781.0,	148328
1474239900.0,	148378
1474240020.0,	148449
1474240140.0,	148562
1474240381.0,	148593
1474240501.0,	148731
1474240621.0,	148847
1474240741.0,	0
1474240860.0,	148882
1474240981.0,	149007
1474241100.0,	149012
1474241220.0,	149035
1474241341.0,	149398
1474241461.0,	149465
1474241580.0,	149636
1474241700.0,	149736
1474241821.0,	150043
1474241941.0,	153509
1474242061.0,	153519
1474242181.0,	153586
1474242301.0,	153736
1474242420.0,	153868
1474242540.0,	153920
1474242661.0,	154110
1474242781.0,	154348
1474242900.0,	154621
1474243020.0,	154671
1474243141.0,	154740
1474243261.0,	154765
1474243380.0,	154891
1474243500.0,	156009
1474243620.0,	156053
1474243741.0,	156203
1474243860.0,	156298
1474243980.0,	156452
1474244100.0,	156988
1474244220.0,	157321
1474244340.0,	157854
1474244460.0,	158008
1474244580.0,	158360
1474244701.0,	158445
1474244821.0,	158465
1474244941.0,	158856
1474245061.0,	158981
1474245300.0,	159111
1474245421.0,	159251
1474245540.0,	159411
1474245661.0,	159516
1474245781.0,	159628
1474245900.0,	159630
1474246141.0,	159642
1474246261.0,	159702
1474246381.0,	159712
1474246500.0,	159713
1474246621.0,	159753
1474246740.0,	159755
1474246861.0,	159775
1474246981.0,	159905
1474247100.0,	159935
1474247221.0,	159945
1474247341.0,	159976
1474247460.0,	159986
1474247581.0,	160011
1474247700.0,	160034
1474247820.0,	160164
1474247941.0,	160174
1474248181.0,	160294
1474248420.0,	160295
1474248540.0,	160297
1474248660.0,	160348
1474248781.0,	160410
1474248901.0,	161009
1474249021.0,	161150
1474249140.0,	161439
1474249260.0,	161629
1474249380.0,	161709
1474249501.0,	161795
1474249621.0,	162017
1474249740.0,	162207
1474249861.0,	162338
1474249980.0,	162483
1474250100.0,	162538
1474250220.0,	162815
1474250341.0,	162958
1474250460.0,	163054
1474250581.0,	163080
1474250700.0,	163176
1474250821.0,	163311
1474250940.0,	163488
1474251061.0,	163628
1474251180.0,	163909
1474251301.0,	164253
1474251421.0,	164442
1474251542.0,	164561
1474251660.0,	164680
1474251780.0,	165340
1474251901.0,	165895
1474252021.0,	166106
1474252141.0,	166398
1474252260.0,	166694
1474252380.0,	166984
1474252500.0,	167065
1474252621.0,	167170
1474252741.0,	167435
1474252862.0,	167788
1474252980.0,	168150
1474253100.0,	168450
1474253220.0,	169443
1474253340.0,	169757
1474253460.0,	170522
1474253581.0,	170769
1474253701.0,	171088
1474253821.0,	171154
1474253941.0,	171599
1474254060.0,	171719
1474254180.0,	171909
1474254300.0,	171969
1474254421.0,	172248
1474254540.0,	172925
1474254661.0,	173442
1474254781.0,	173809
1474254901.0,	174114
1474255021.0,	174632
1474255141.0,	174720
1474255260.0,	174894
1474255380.0,	175121
1474255501.0,	175338
1474255621.0,	175619
1474255741.0,	176304
1474255860.0,	176516
1474255980.0,	176642
1474256101.0,	176774
1474256221.0,	176905
1474256341.0,	176915
1474256462.0,	177145
1474256580.0,	177235
1474256700.0,	177871
1474256821.0,	177971
1474256940.0,	177981
1474257061.0,	178023
1474257180.0,	178468
1474257301.0,	178601
1474257421.0,	179013
1474257542.0,	179149
1474257661.0,	179159
1474257781.0,	179171
1474257900.0,	179172
1474258140.0,	179289
1474258261.0,	179319
1474258382.0,	179323
1474258500.0,	179374
1474258740.0,	179444
1474258861.0,	179493
1474258981.0,	179561
1474259101.0,	180000
1474259220.0,	180017
1474259340.0,	180332
1474259460.0,	180516
1474259581.0,	180576
1474259820.0,	180636
1474259941.0,	180876
1474260061.0,	181007
1474260180.0,	181057
1474260300.0,	181660
1474260420.0,	181674
1474260541.0,	181692
1474260661.0,	181765
1474260901.0,	181795
1474261020.0,	181815
1474261140.0,	181967
1474261260.0,	181978
1474261380.0,	182147
1474261502.0,	182353
1474261620.0,	182363
1474261741.0,	182365
1474261860.0,	182411
1474261981.0,	182536
1474262100.0,	182570
1474262221.0,	182580
1474262340.0,	182600
1474262460.0,	182630
1474262581.0,	182642
1474262700.0,	182652
1474262820.0,	182662
1474263060.0,	182664
1474263301.0,	182732
1474263660.0,	182842
1474265340.0,	182902
1474265701.0,	183089
1474267620.0,	183099
1474277581.0,	183109
1474278181.0,	183114
1474278420.0,	183141
1474288261.0,	183142
1474293900.0,	183176
1474294861.0,	183186
1474295580.0,	183286
1474303141.0,	183296
1474304100.0,	183341
1474305060.0,	183351
1474306980.0,	183363
1474309261.0,	183373
1474317420.0,	183375
1474324620.0,	183440
1474324861.0,	183450
1474329900.0,	183462
1474333260.0,	183492
1474337581.0,	183592
1474338421.0,	183604
